fce304eeafcb4d9 0 1 2 2 - 119
fce304eeafcb4d9 0 6 2 5 - 10
1188e88d33b50f8c 7 5 7 4 - 30
1d3f6471059e35c9 2 3 3 5 - 25
304fc5225aaf916d 7 6 5 5 - 129
30a434b0851f9331 0 6 2 5 - 45
369b2c24eb0e722a 7 4 7 6 - 45
385416e4cd25e92f 6 2 5 2 - 30
432185ef16ec478e 3 1 2 2 - 15
432185ef16ec478e 3 1 4 0 - 45
444a97eb78adea5c 7 3 0 3 - 25
5c6d7d1b5fd60f11 4 3 3 4 - 25
62a0674e5a8dfa97 1 3 2 3 - 30
667ee73f90e8ef96 0 5 1 4 - 30
667ee73f90e8ef96 2 5 4 4 - 15
7d21a358268a693f 1 3 2 2 - 25
815b16e350dbc182 7 5 3 1 - 119
864976dade01241f 4 0 5 1 - 30
891a82c9d30fe74b 0 4 0 3 - 25
8ae4fb09b77cf75b 1 3 2 2 - 15
95c730dda553cde2 6 3 4 3 - 25
9ade0b8059e91c4f 0 4 0 6 - 30
aba8254ace209175 7 4 7 6 - 15
b19c64fab803fc03 2 5 4 4 - 25
b4e4ddbe871ad9ea 3 1 2 2 - 25
bb3917713e384641 4 4 2 3 - 25
c579c139f9520592 1 1 3 1 - 30
cb3e085313e5f01b 1 4 3 4 - 129
e179afe1c3e561bf 7 4 7 6 - 25
e746b775adf480a4 0 5 3 2 - 8
e746b775adf480a4 0 6 2 5 - 25
e746b775adf480a4 1 0 2 0 - 70
e746b775adf480a4 1 3 2 3 - 10
e746b775adf480a4 1 5 3 5 - 6
e9c034e15e6b3109 6 4 4 4 - 129
52e601f001352a8 3 2 4 3 - 140
97c5dfc701747be 0 6 2 5 - 35
97c5dfc701747be 1 4 2 4 - 10
97c5dfc701747be 1 6 2 6 - 15
bcc8a9f8d8faa20 7 5 6 4 - 20
f4345681e06a6a5 7 1 5 2 - 35
fce304eeafcb4d9 0 1 2 2 - 119
fce304eeafcb4d9 0 6 2 5 - 10
1188e88d33b50f8c 7 5 7 4 - 30
118d5467cb51be28 4 4 3 4 - 18
13aeb7196603a6c4 1 3 2 2 - 20
1788fbf98cf43282 7 4 7 6 - 20
17b24cf3a5405f33 0 6 2 5 - 18
1b86274c641b7754 0 1 2 2 - 25
1baaad83e2cf726a 0 1 2 2 - 18
1d3f6471059e35c9 2 3 3 5 - 25
2bd047b39b78d90b 6 3 4 3 - 140
304fc5225aaf916d 7 6 5 5 - 129
30a434b0851f9331 0 6 2 5 - 45
32e2695a1f5fc0ea 7 4 7 6 - 20
369b2c24eb0e722a 7 4 7 6 - 45
36a7d4862c9891a8 5 5 4 3 - 140
385416e4cd25e92f 6 2 5 2 - 30
432185ef16ec478e 3 1 2 2 - 15
432185ef16ec478e 3 1 4 0 - 45
444a97eb78adea5c 7 3 0 3 - 25
476d30e2f712af3e 0 4 0 6 - 20
4f24dd508eb57244 6 5 4 5 - 10
4f24dd508eb57244 6 6 5 6 - 12
5c6d7d1b5fd60f11 4 3 3 4 - 25
607ef44b2fa9d298 0 5 1 4 - 20
62a0674e5a8dfa97 1 3 2 3 - 30
633524207a08ba04 0 5 1 6 - 25
65b1a977cb7628bb 1 0 2 0 - 12
667ee73f90e8ef96 0 5 1 4 - 30
667ee73f90e8ef96 2 5 4 4 - 15
712436190cd0cab3 0 1 2 2 - 80
712436190cd0cab3 1 3 2 3 - 140
712436190cd0cab3 1 4 2 4 - 12
72d2fc7c65bc02ef 7 3 6 3 - 25
7bcaef021b180be9 1 3 2 3 - 15
7bcaef021b180be9 1 4 3 4 - 20
7d21a358268a693f 1 3 2 2 - 25
815b16e350dbc182 7 5 3 1 - 119
864976dade01241f 4 0 5 1 - 30
891a82c9d30fe74b 0 4 0 3 - 25
8a2b66d85263e9e3 7 5 6 6 - 12
8ae4fb09b77cf75b 1 3 2 2 - 15
8e0b770aba76984e 5 5 4 3 - 12
937ce43f0d96d0ed 6 3 4 3 - 12
95c730dda553cde2 6 3 4 3 - 25
99acb1224bd8fece 1 6 2 6 - 20
9ade0b8059e91c4f 0 4 0 6 - 30
aba8254ace209175 7 4 7 6 - 15
afabb80536976d0a 1 0 2 0 - 60
afabb80536976d0a 1 4 2 4 - 15
afabb80536976d0a 1 6 2 6 - 25
b19c64fab803fc03 2 5 4 4 - 25
b3542a7e5e448f0f 0 5 1 6 - 12
b4e4ddbe871ad9ea 3 1 2 2 - 25
b631e4ae53a68314 4 3 5 1 - 20
bb3917713e384641 4 4 2 3 - 25
bd82c39396fd5b4e 3 2 4 3 - 12
c1b1fbfd3492071f 0 1 2 2 - 22
c579c139f9520592 1 1 3 1 - 30
c9ec1e05de28013c 1 6 2 6 - 12
ca0d52eeda5b4388 0 4 0 6 - 25
cb3e085313e5f01b 1 2 3 2 - 272
cb3e085313e5f01b 1 4 3 4 - 129
d14f37182d9c344b 3 2 4 3 - 60
d8533f8087ef3884 6 5 5 5 - 25
da6bc9ffc7931611 3 1 2 2 - 20
db22126f3389c046 7 1 5 2 - 140
dd1d0afb5d98215d 0 6 2 5 - 140
dfb6ca0ddf93128a 7 6 5 5 - 18
e179afe1c3e561bf 7 4 7 6 - 25
e2c683810117f74b 5 5 4 3 - 60
e746b775adf480a4 0 5 3 2 - 8
e746b775adf480a4 0 6 2 5 - 25
e746b775adf480a4 1 0 2 0 - 70
e746b775adf480a4 1 3 2 3 - 10
e746b775adf480a4 1 5 3 5 - 6
e9c034e15e6b3109 6 4 4 4 - 401
ec6cc0d8badc85d5 7 2 5 4 - 25
eef4b912106670e2 2 5 3 3 - 18
f1d4b80406f0cbbe 1 4 3 4 - 20
f40030c4f5cd7f40 6 2 5 2 - 18
f40030c4f5cd7f40 7 1 5 2 - 22
f40030c4f5cd7f40 7 6 5 5 - 232
ffb110b4b6f7bfe8 6 3 4 3 - 60
ffb110b4b6f7bfe8 7 5 3 1 - 20